r ed ee
0.11294627058970837 0.2056037302109694 0.037943143698461745
0.14219093021276402 0.19454194554171983 0.03290055404384762
0.17900777537149964 0.17418680011560134 0.03392514912890249
0.22535743732392297 0.15855099292281505 0.029097555806946063
0.28370820458389795 0.134483177869348 0.01782460075537906
0.35716746828516754 0.11293092103932656 0.020236087165831196
0.4496472020903847 0.09199585560863716 0.014679171874293517
0.5660722890537326 0.07928963937110711 0.008113276454381146
0.7126427896022373 0.06281697487554944 0.004872424421745625
0.8971641173621405 0.05065683810035154 -0.0005166654713424368
1.1294627058970832 0.04215452065901065 -0.0005045286527081139
1.42190930212764 0.03445095571970369 -0.00031518447755018997
1.7900777537149961 0.025304276473825327 -0.00032875990491942897
2.2535743732392293 0.019710637266973696 0.0002755870387715631
2.8370820458389785 0.013597565319118765 0.0005869922148316609
3.5716746828516746 0.010262310446843004 -0.0002601628169749959
4.4964720209038465 0.007582473214699459 -0.0005034925042073923
5.6607228905373255 0.0051965301941806485 -4.417212742902077e-05
7.1264278960223715 0.004410366849499026 0.00032993132495295896
8.971641173621403 0.0035933850875257134 8.928013696396508e-06
11.294627058970828 0.0024447660686923722 0.00027448116666123346
14.219093021276393 0.002059915163556525 9.127524715124569e-05
17.900777537149956 0.0015506358482266225 7.956237247092046e-05
22.53574373239229 0.0012978082149552872 -5.6874376656801395e-05
28.370820458389794 0.0007907892921063531 -3.885775353540399e-06
35.71674682851674 0.0005428966598788887 -1.1560466030680061e-05
44.96472020903845 0.00036421304703959656 2.606719555320325e-06
56.60722890537326 0.00023372317432995837 -4.4295137877625734e-06
