r ed ee
0.11294627058970837 0.20200438253318947 0.031220092531003663
0.14219093021276402 0.190563423346845 0.038338725824857756
0.17900777537149964 0.17216929051936364 0.027380287403924064
0.22535743732392297 0.15478690389862126 0.02252672448879306
0.28370820458389795 0.13416144144005354 0.020922560352430453
0.35716746828516754 0.1110989453444356 0.019284798924333213
0.4496472020903847 0.09132882706029088 0.013837374924388579
0.5660722890537326 0.07628105033044874 0.0065884969592475695
0.7126427896022373 0.06236546890435801 0.003441568446342247
0.8971641173621405 0.049345952312984 0.0022706521156592996
1.1294627058970832 0.04068134955448022 0.0006634047010342092
1.42190930212764 0.031675203629886295 0.00010046982703604268
1.7900777537149961 0.022428404357037413 0.0010563029995731
2.2535743732392293 0.01818269511966608 0.001049566046513406
2.8370820458389785 0.01237962803210102 0.00033115094659752486
3.5716746828516746 0.008053089398449231 -0.0007745542108686942
4.4964720209038465 0.005865182761321419 -2.161465748301561e-05
5.6607228905373255 0.004781344582121205 9.388643197133506e-05
7.1264278960223715 0.0034338401135708407 0.00045814971690222306
8.971641173621403 0.003391676321947701 -3.433376784783837e-05
11.294627058970828 0.002851754498584269 -0.00013343415545946646
14.219093021276393 0.0020239029823794774 -5.477624067107278e-07
17.900777537149956 0.0015103649766475269 0.00010423745404153362
22.53574373239229 0.001088951662739368 5.721341402220581e-05
28.370820458389794 0.0007114223173965706 -4.336245368796732e-05
35.71674682851674 0.0006258228630473539 -2.6759906986917326e-05
44.96472020903845 0.00029125105812433105 1.4331177975002163e-05
56.60722890537326 0.00010679509176769741 -4.91456951867697e-06
