r ed ee
0.11294627058970837 0.24367329319156467 0.09901457252277474
0.14219093021276402 0.22570983536649386 0.08246638692508867
0.17900777537149964 0.20877423293621106 0.07388894774983085
0.22535743732392297 0.18888043363167012 0.06020938764830758
0.28370820458389795 0.15997089488965616 0.05046922752264199
0.35716746828516754 0.13301565030081847 0.03708790374705262
0.4496472020903847 0.10852410554241265 0.02271524751332088
0.5660722890537326 0.09055623060240098 0.012727065553910955
0.7126427896022373 0.07370654585204911 0.006899242698500618
0.8971641173621405 0.06133382137691934 0.003576034935527883
1.1294627058970832 0.052203335263779405 0.00294941625774664
1.42190930212764 0.04446228762953197 0.001536717861429393
1.7900777537149961 0.03701839391211059 0.0009644660901874658
2.2535743732392293 0.02960668233064412 0.0010234938468635657
2.8370820458389785 0.023199696811343873 0.0011878279945690129
3.5716746828516746 0.01829943306216203 0.0002912011579414564
4.4964720209038465 0.014637902088823374 -0.00044986182034623123
5.6607228905373255 0.011239568814746248 0.00038176166534231726
7.1264278960223715 0.009052249291917336 0.00040992135207584823
8.971641173621403 0.006938761649639413 0.00015804929094942466
11.294627058970828 0.005841438357430784 0.0003394082111918273
14.219093021276393 0.004552757828247045 0.00030933975539093606
17.900777537149956 0.0033690403616874476 7.988529361790953e-06
22.53574373239229 0.002534725589147191 7.812919775657123e-05
28.370820458389794 0.0017631930342867363 -2.6996059410144824e-06
35.71674682851674 0.0012690720564249025 6.6461556192942695e-06
44.96472020903845 0.0008146706995308395 -1.132202266618254e-05
56.60722890537326 0.0005758488287160857 2.9106975384718403e-05
